DRAW_RECT( 0.50000000, 0.50000000, 1, 1, 0, 0, 0, 255 ); // startup
DRAW_RECT( 0.50000000, 0.50000000, 1, 1, 0, 0, 0, 255 ); // startup
DRAW_RECT( 0.50000000, 0.50000000, 1, 1, 0, 0, 0, 255 ); // startup
DRAW_RECT( 0.50000000, 0.50000000, 1, 1, 0, 0, 0, 255 ); // startup
DRAW_RECT( 0.50000000, 0.50000000, 1, 1, 0, 0, 0, 255 ); // s_fav0_cafe
DRAW_RECT( 0.50000000, 0.50000000, 1, 1, 0, 0, 0, 255 ); // s_fav0_cafe
DRAW_RECT( 0.50000000, 0.50000000, 1, 1, 0, 0, 0, 255 ); // s_fav0_cafe
DRAW_RECT( 0.50000000, 0.50000000, 1, 1, 0, 0, 0, 255 ); // s_fav0_cafe
DRAW_RECT( 0.50000000, 0.50000000, 1, 1, 0, 0, 0, 255 ); // s_fav0_cafe
DRAW_RECT( 0.50000000, 0.50000000, 1, 1, 0, 0, 0, 255 ); // s_fav0_cafe
DRAW_RECT( 0.50000000, 0.50000000, 1, 1, 0, 0, 0, 255 ); // fav2_favelampm
DRAW_RECT( 0.50000000, 0.50000000, 1, 1, 0, 0, 0, 255 ); // fav2_favelampm
DRAW_RECT( 0.50000000, 0.50000000, 1, 1, 0, 0, 0, 255 ); // s_fire_isequences_3
DRAW_RECT( 0.50000000, 0.50000000, 1, 1, 0, 0, 0, 255 ); // s_fire_isequences_3
DRAW_RECT( 0.50000000, 0.50000000, 1.00000000, 1.00000000, 0, 0, 0, 255 ); // s_marina_cutscene
DRAW_RECT( 0.50000000, 0.50000000, 1.00000000, 1.00000000, 0, 0, 0, 255 ); // s_marina_cutscene
DRAW_RECT( 0.50000000, 0.50000000, 1.00000000, 1.00000000, 0, 0, 0, 255 ); // s_marina_slipway
DRAW_RECT( 0.50000000, 0.50000000, 1.00000000, 1.00000000, 0, 0, 0, 255 ); // s_marina_slipway
DRAW_RECT( 0.50000000, 0.50000000, 1.00000000, 1.00000000, 0, 0, 0, 255 ); // s_marina_cutscene
DRAW_RECT( 0.50000000, 0.50000000, 1.00000000, 1.00000000, 0, 0, 0, 255 ); // s_marina_cutscene
DRAW_RECT( 0.50000000, 0.50000000, 1.00000000, 1.00000000, 0, 0, 0, 255 ); // s_marina_slipway
DRAW_RECT( 0.50000000, 0.50000000, 1.00000000, 1.00000000, 0, 0, 0, 255 ); // s_marina_slipway
DRAW_RECT( 0.50000000, 0.50000000, 1, 1, 0, 0, 0, 255 ); // startup
DRAW_RECT( 0.50000000, 0.50000000, 1, 1, 0, 0, 0, 255 ); // startup
DRAW_RECT( 0.50000000, 0.50000000, 1, 1, 0, 0, 0, 255 ); // startup
DRAW_RECT( 0.50000000, 0.50000000, 1, 1, 0, 0, 0, 255 ); // startup
DRAW_RECT( 0.50000000, 0.50000000, 1, 1, 0, 0, 0, 255 ); // startup
DRAW_RECT( 0.50000000, 0.50000000, 1, 1, 0, 0, 0, 255 ); // startup
DRAW_RECT( 0.50000000, 0.50000000, 1, 1, 0, 0, 0, 255 ); // startup
DRAW_RECT( 0.50000000, 0.50000000, 1, 1, 0, 0, 0, 255 ); // startup
DRAW_RECT( 0.50000000, 0.50000000, 1, 1, 255, 255, 255, 255 ); // stad_bulletcam
DRAW_RECT( 0.50000000, 0.50000000, 1.00000000, 1.00000000, 0, 0, 0, 255 ); // stad_isequences2
DRAW_RECT( 0.50000000, 0.50000000, 1.00000000, 1.00000000, 0, 0, 0, 255 ); // stad_isequences2
DRAW_RECT( 0.50000000, 0.50000000, 1.00000000, 1.00000000, 0, 0, 0, 255 ); // stad_maintenance
DRAW_RECT( 0.50000000, 0.50000000, 1.00000000, 1.00000000, 0, 0, 0, 255 ); // stad_maintenance
DRAW_RECT( 0.50000000, 0.50000000, 1, 1, 255, 255, 255, 255 ); // stad_tower
DRAW_RECT( 0.50000000, 0.50000000, 1, 1, 255, 255, 255, 255 ); // stad_bulletcam
DRAW_RECT( 0.50000000, 0.50000000, 1.00000000, 1.00000000, 0, 0, 0, 255 ); // stad_isequences2
DRAW_RECT( 0.50000000, 0.50000000, 1.00000000, 1.00000000, 0, 0, 0, 255 ); // stad_isequences2
DRAW_RECT( 0.50000000, 0.50000000, 1.00000000, 1.00000000, 0, 0, 0, 255 ); // stad_maintenance
DRAW_RECT( 0.50000000, 0.50000000, 1.00000000, 1.00000000, 0, 0, 0, 255 ); // stad_maintenance
DRAW_RECT( 0.50000000, 0.50000000, 1, 1, 255, 255, 255, 255 ); // stad_tower
